1.000000000000000000e+02
9.999999998999999207e+01
9.999999998499998810e+01
9.999999997749998215e+01
9.999999996619997944e+01
9.999999994939997805e+01
9.999999992409998129e+01
9.999999988599996925e+01
9.999999982899997519e+01
9.999999974399997882e+01
9.999999961599996823e+01
9.999999942299996292e+01
9.999999913499996751e+01
9.999999869999997770e+01
9.999999804999998787e+01
9.999999707999999998e+01
9.999999562000006392e+01
9.999999343000018825e+01
9.999999015000045688e+01
9.999998520000106339e+01
9.999997780000242642e+01
9.999996670000550125e+01
9.999995010001241269e+01
9.999992520002793128e+01
9.999988800006268264e+01
9.999983200014106899e+01
9.999974700031999930e+01
9.999962100071815030e+01
9.999943200161305867e+01
9.999914800362945755e+01
9.999872000819190987e+01
9.999808001843182126e+01
9.999712004147154687e+01
9.999569009287911570e+01
9.999353020929993363e+01
9.999029047140518855e+01
9.998540106574809272e+01
9.997820237602729776e+01
9.996720537861187950e+01
9.995091205207737062e+01
9.992632715177930436e+01
9.988906158221263354e+01
9.983413770379368657e+01
9.975130974785601268e+01
9.962769478088719666e+01
9.944156507715965176e+01
9.916351814230236528e+01
9.874790476505890524e+01
9.812774850822572148e+01
9.720966940359512876e+01
9.583904655046914911e+01
9.381926192645688900e+01
9.088274726379316348e+01
8.667540631443208099e+01
8.065414412437844760e+01
7.239738587655298829e+01
6.163132086373056495e+01
4.838404903035920057e+01
3.362164963988730904e+01
