0
10
1.50E+01
2.25E+01
3.38E+01
5.06E+01
7.59E+01
1.14E+02
1.71E+02
2.56E+02
3.84E+02
5.77E+02
8.65E+02
1.30E+03
1.95E+03
2.92E+03
4.38E+03
6.57E+03
9.85E+03
1.48E+04
2.22E+04
3.33E+04
4.99E+04
7.48E+04
1.12E+05
1.68E+05
2.53E+05
3.79E+05
5.68E+05
8.52E+05
1.28E+06
1.92E+06
2.88E+06
4.31E+06
6.47E+06
9.71E+06
1.46E+07
2.18E+07
3.28E+07
4.91E+07
7.37E+07
1.11E+08
1.66E+08
2.49E+08
3.73E+08
5.60E+08
8.40E+08
1.26E+09
1.89E+09
2.83E+09
4.25E+09
6.38E+09
9.56E+09
1.43E+10
2.15E+10
3.23E+10
4.84E+10
7.26E+10
1.09E+11
